100
4751053
3323191
5388168
559513
7742461
2295773
2610613
9999163
86293
1481717
8603593
4
140839
9999991
9999996
3702389
3132736
6
6735763
8697851
8763892
4170220
9010879
6697461
7203246
3
1862603
8248729
1221469
9999999
9987391
12
4936439
8237213
9999971
9999995
8
1144
2196613
3929879
7551991
9999930
5001361
1281246
3410821
4046177
5462959
9299449
1
2872729
4125389
6704676
9999929
1403870
6865010
8460583
5094841
7
9309119
9
2044523
6537523
13
5
3023326
11
8873129
9999997
4461642
2
9999162
6513281
6463741
3877633
4461643
9325574
3949061
9682616
3910981
2360890
7783893
9999998
7762723
9999973
10
592432
4461641
6987083
9971849
8291470
3191803
3855409
615403
1507483
9999972
9999161
10000000
9999931
1264969
6716541
